행정구역	구시군	농업,임업,어업	광업	제조업	전기,가스,중기,수도사업	하수,폐기물처리,원료재생,환경보건업	건설업	도,소매업	운수업	숙박,음식점업	출판,영상,방송통신,정보서비스업	금융,보험업	부동산및임대업	전문,과학및기술서비스업	사업시설관리,사업지원서비스업	공공행정,국방 및 사회보장행정	교육서비스업	보건및사회복지서비스업	예술,스포츠및여가관련서비스업	협회및단체수리 및 기타 개인서비스업	총종사자수	인구수	면적	인구밀도
전북 정읍시	시	165	56	5747	165	162	1068	5105	1445	3108	406	1315	445	679	245	2063	2954	2643	602	1969	30342	124196	693	179.2150072
경북 구미시	시	175	55	85453	359	542	4196	15908	5602	13873	1171	3767	2419	1693	5377	2574	10550	5660	2330	5619	167323	398949	615	648.697561
전남 무안군	군	147	49	2094	81	178	868	1935	738	1410	135	619	212	143	44	2520	2130	1252	415	772	15742	67825	448	151.3950893
강원 속초시	시	2	0	1307	101	82	962	4853	1781	5476	375	1153	605	413	182	1544	2108	1453	874	1495	24766	85349	105	812.847619
부산 사하구	구	221	3	34213	392	748	2213	12621	9755	10322	487	2257	1820	1317	2454	2364	9432	5188	1556	4575	101938	369413	41	9010.073171
대전 대덕구	구	0	10	24162	1314	467	3170	13717	6153	6029	517	826	1168	1347	3354	2063	5138	3743	887	4107	78172	213248	68	3136
경남 진주시	시	295	43	12263	299	466	7857	16330	6410	12755	1481	4870	2308	1908	1137	4216	11218	7824	2116	6196	99992	334237	713	468.7755961
강원 강릉시	시	257	308	5261	522	319	5431	12254	4228	11534	873	3067	1231	1393	1709	2929	7138	4760	1465	4352	69031	220097	1040	211.6317308
경기 양평군	군	127	0	1285	100	217	1702	3255	807	4888	219	577	773	526	176	1277	2124	1469	723	1437	21682	89812	878	102.2915718
충남 논산시	시	489	20	7616	170	320	1447	6561	2067	3725	363	1385	408	483	169	1821	3599	2906	451	2157	36157	130114	555	234.4396396
충남 보령시	시	146	78	3570	1131	193	2337	4995	1090	5228	298	1025	383	476	289	1883	2276	1801	446	1717	29362	108182	569	190.1265378
충북 제천시	시	162	127	4215	347	273	3218	6812	3712	5670	350	1252	690	490	660	1734	3905	2712	722	2400	39451	137229	883	155.412231
경남 마산시	시	2	3	18803	213	499	4260	20788	9691	15051	1649	5676	2273	1578	3059	3418	11267	8324	1940	6538	115032	414771	331	1253.084592
전북 임실군	군	71	11	1165	72	46	350	973	297	670	134	429	13	117	30	921	832	610	241	415	7397	31541	597	52.83249581
서울 마포구	구	1	15	8635	506	274	10524	26608	12128	18013	20571	11083	7421	11867	19485	4045	13033	5655	2910	8370	181144	393241	24	16385.04167
충남 당진군	군	227	128	13384	901	199	2506	5106	1537	4639	336	1101	830	962	750	1654	2423	1492	566	1950	40691	139421	666	209.3408408
서울 동대문구	구	0	8	13456	21	128	4851	27734	5362	13072	1662	4913	4151	8743	5407	2072	11444	9165	2257	5677	120123	381663	14	27261.64286
전북 장수군	군	87	29	657	42	16	379	636	140	535	89	191	16	28	2	780	596	331	119	342	5015	24132	533	45.27579737
서울 성동구	구	0	0	30463	854	398	4232	20245	8279	8762	2766	2728	3941	6258	11505	3219	8193	5249	1940	6175	125207	322679	17	18981.11765
강원 화천군	군	26	8	339	93	72	391	798	214	1077	150	185	55	34	34	876	495	317	114	384	5662	24283	909	26.7139714
경남 의령군	군	88	19	1701	38	78	499	748	209	780	136	237	31	45	20	889	726	506	96	558	7404	31195	483	64.58592133
서울 영등포구	구	0	4	17530	701	568	15331	47216	11427	21130	27209	39692	7559	32843	36606	8069	8276	10758	4029	11185	300133	443537	25	17741.48
전남 영광군	군	244	425	2445	1497	33	1872	1985	636	1567	156	628	89	373	208	1028	1243	1267	163	872	16731	58497	474	123.4113924
경기 가평군	군	47	143	1193	213	107	1196	2186	518	5232	161	578	395	538	126	1296	1431	1339	1416	1056	19171	57108	843	67.74377224
부산 강서구	구	36	0	43798	72	365	1366	5337	3092	2189	640	516	709	627	753	2396	1005	437	770	876	64984	55858	179	312.0558659
대전 서구	구	285	25	3402	447	162	8716	22185	6233	15648	4302	10502	6076	5325	12843	12170	13860	11014	2753	8455	144403	502868	95	5293.347368
전북 김제시	시	378	0	6906	92	149	1334	3931	1628	1929	217	892	204	297	468	1908	2212	1783	336	1401	26065	97012	545	178.0036697
경기 광주시	시	65	72	35926	104	304	3421	13302	7047	7598	316	1178	1648	1046	379	1767	5216	3028	2077	3741	88235	234777	431	544.7262181
부산 남구	구	2	4	5753	15	250	2702	10642	11103	8078	885	926	1648	1386	1589	2471	9998	3709	1359	4579	67099	300966	26	11575.61538
경북 청송군	군	91	28	328	128	31	829	912	183	1158	108	345	8	62	17	2505	585	395	110	406	8229	27439	845	32.47218935
경남 합천군	군	84	28	1383	123	53	1054	1506	305	1587	175	423	29	165	22	1172	1042	812	301	771	11035	56110	983	57.08036623
경북 영천시	시	94	58	11458	125	324	1502	4102	1335	3086	213	941	526	491	167	1501	2097	2054	351	1688	32113	105924	920	115.1347826
울산 울주군	군	97	224	32333	302	580	1948	4912	3743	5777	117	738	876	413	683	1252	4638	2897	1012	2501	65043	196404	755	260.1377483
전남 강진군	군	74	23	1062	84	59	782	1608	410	1030	128	424	31	102	45	577	1039	626	159	645	8908	41389	500	82.778
서울 서초구	구	0	59	10321	224	189	36861	65652	9091	26001	23979	12626	13341	53022	35180	9223	13677	10415	4266	11332	335459	412065	47	8767.340426
경남 산청군	군	135	44	935	100	50	681	960	275	1235	189	939	44	100	12	879	826	572	349	512	8837	35355	795	44.47169811
강원 양구군	군	93	13	364	43	18	1335	717	165	1053	92	162	44	70	103	753	515	354	128	324	6346	21525	647	33.26893354
대구 남구	구	33	3	1738	121	44	2003	7952	2334	5808	1392	1341	801	1485	2939	1793	4526	6124	1019	3467	44923	176151	17	10361.82353
충남 태안군	군	40	148	704	805	99	986	2737	726	4650	149	592	202	505	180	1348	1183	812	460	991	17317	63910	505	126.5544554
제주 서귀포시	시	2984	84	2001	267	162	1814	8443	2230	9006	339	1893	428	618	573	2910	3634	2971	2926	2637	45920	154605	871	177.5028703
경북 군위군	군	145	40	1711	56	44	511	723	292	727	133	225	24	44	2	894	422	240	77	417	6727	25712	614	41.8762215
경기 광명시	시	0	0	11160	73	287	3270	12135	4604	7511	660	2096	2513	922	1223	1883	6522	4265	1855	3678	64657	310501	39	7961.564103
충남 청양군	군	90	8	2147	99	25	246	1053	260	980	122	255	43	107	48	1282	657	383	123	541	8469	33456	479	69.84551148
부산 연제구	구	0	8	3804	4	26	9053	12968	3956	8300	1128	7678	2882	4343	4409	7029	4993	3636	1109	4591	79917	213698	12	17808.16667
경남 통영시	시	23	0	13912	342	205	1395	6542	2078	5646	306	1998	630	629	348	2344	2879	1870	855	2309	44311	138791	239	580.7154812
광주 남구	구	14	0	1452	97	188	4790	7093	2943	4287	699	1013	1416	811	1836	1293	6782	5234	999	3932	44879	214091	61	3509.688525
서울 노원구	구	0	1	3762	351	185	1672	14733	12076	12940	793	3876	5499	1874	846	3565	17500	11098	2385	5452	98608	620808	35	17737.37143
전북 익산시	시	314	313	20076	405	648	3919	13193	4974	8972	798	3309	2057	1269	2822	2945	10118	6991	1597	5075	89795	312837	507	617.035503
충남 서천군	군	251	59	3787	371	103	1338	2468	711	2008	176	490	136	155	604	1079	1177	1064	167	1156	17300	61196	358	170.9385475
충남 연기군	군	64	11	10233	71	211	933	3018	688	2374	165	668	551	315	118	1299	2260	1298	543	1171	25991	80118	361	221.933518
광주 동구	구	0	1	2367	99	120	4181	11166	1602	7472	1384	8222	1966	4618	3744	2394	5891	5355	1254	3542	65378	111164	49	2268.653061
전남 진도군	군	91	26	506	86	34	543	1141	289	981	170	324	22	65	5	899	706	456	197	585	7126	34654	440	78.75909091
충남 금산군	군	119	100	7251	71	121	649	2711	817	1543	202	421	136	143	255	975	1409	816	367	903	19009	57680	576	100.1388889
강원 양양군	군	104	74	1179	123	95	679	1334	249	3869	93	190	100	94	131	690	636	424	228	506	10798	28346	629	45.06518283
전남 완도군	군	9	129	1808	71	10	395	2066	670	1853	182	506	30	87	20	1370	1128	708	186	701	11929	55311	396	139.6742424
경북 영덕군	군	121	37	1274	42	56	619	1703	358	2330	136	397	51	106	41	1046	734	573	259	689	10572	43020	741	58.05668016
경남 고성군	군	121	32	4014	770	62	1160	1780	452	1860	163	553	156	203	116	1419	1150	867	167	908	15953	57031	517	110.311412
강원 삼척시	시	72	2355	1392	48	89	1760	2775	921	2922	270	738	358	227	311	1746	1953	1022	490	1271	20720	71431	1186	60.22849916
경북 울진군	군	41	99	978	1542	152	1619	2084	333	2631	138	521	99	205	263	1157	1107	626	216	898	14709	53478	989	54.07280081
부산 북구	구	0	0	2585	263	203	2272	9752	3286	7416	472	2390	1571	686	1541	1498	7588	4784	1225	3139	50671	320328	39	8213.538462
울산 북구	구	0	8	46651	252	61	1426	5636	2638	3888	297	633	901	689	3233	1181	4222	1839	548	2476	76579	168271	157	1071.789809
충남 부여군	군	468	95	3541	80	77	1512	2605	774	2086	152	617	110	254	264	1200	1636	1268	569	1115	18423	77400	625	123.84
전남 장성군	군	74	28	3972	43	85	424	1690	638	984	207	324	59	130	33	1082	859	750	252	652	12286	47399	519	91.32755299
충북 옥천군	군	98	29	5238	143	94	1070	1861	1009	1663	134	537	176	253	54	829	1204	1050	167	949	16558	55170	537	102.7374302
경남 진해시	시	0	5	11661	64	254	3385	5526	1570	6197	228	1103	827	275	1078	1357	3445	2540	1164	2149	42828	171421	120	1428.508333
서울 도봉구	구	0	14	3882	0	123	1421	10315	10228	6672	373	1125	2864	851	1529	3108	7778	4577	1544	4179	60583	376698	21	17938
경북 청도군	군	24	4	1713	81	45	516	1401	462	1754	168	317	105	82	26	990	826	648	232	903	10297	45165	697	64.79913917
경기 과천시	시	6	3	437	181	146	2189	4468	558	2264	1866	791	798	3681	1714	7307	1741	855	2601	1348	32954	69477	36	1929.916667
인천 부평구	구	0	6	36806	236	245	4882	21637	6666	14019	1288	5992	4255	2345	5497	2980	11982	8423	2592	7361	137212	577060	32	18033.125
서울 서대문구	구	0	0	2823	516	137	2385	13581	5508	13324	3044	5355	2149	2005	3215	3261	11836	10040	1690	5214	86083	340731	18	18929.5
경남 사천시	시	181	44	13149	167	185	3424	5321	1731	4345	240	1006	479	405	163	1438	2596	2230	384	1917	39405	114482	398	287.6432161
강원 태백시	시	10	1738	928	151	118	1488	2485	1212	2577	170	770	275	220	88	1333	1317	993	277	1064	17214	51285	304	168.7006579
서울 강동구	구	0	7	6123	216	102	7848	21164	9360	13244	1434	4595	4842	3488	5167	2741	9285	9788	2962	6175	108541	473973	25	18958.92
강원 평창군	군	229	112	863	40	76	943	1668	540	4323	172	567	504	436	46	1131	916	499	280	624	13969	44063	1464	30.0976776
경남 함양군	군	108	0	1770	62	24	909	1552	470	1614	180	505	114	114	30	919	896	872	150	720	11009	40817	725	56.29931034
경기 의정부시	시	2	101	5678	338	454	6067	15699	5691	12743	1429	4378	3697	3286	2188	4661	11572	7669	2331	6079	94063	430849	82	5254.256098
경기 용인시	시	85	184	46805	232	825	10368	25481	12264	19480	1826	4035	8356	16400	5405	4076	28109	10393	8474	9781	212579	816763	591	1382.001692
충북 청주시	시	208	0	30445	821	333	14565	31799	10272	21513	3022	8716	5857	6840	9145	7310	19728	11970	3502	10784	196830	644223	153	4210.607843
인천 강화군	군	111	49	1572	95	47	1075	2641	651	3354	229	587	300	187	28	1420	1600	1139	215	1229	16529	67871	411	165.136253
서울 은평구	구	0	1	3087	273	117	3041	13136	8678	10014	879	2385	2643	1796	1098	4081	8635	6306	1870	5204	73244	463364	30	15445.46667
경북 김천시	시	116	51	9774	103	199	2147	4952	1650	4148	272	1255	416	341	783	2071	3284	2604	454	2201	36821	139871	1009	138.6233895
경기 성남시	시	35	81	36129	1589	645	17541	44142	14253	29888	18356	9321	15997	16998	9928	6265	27587	17086	5361	13498	284700	942447	142	6636.950704
대구 동구	구	34	0	5847	178	190	5042	16237	9288	10709	1627	2276	2025	3091	4470	2988	6382	5780	1768	5834	83766	332409	182	1826.423077
강원 영월군	군	18	459	2143	42	48	1381	1680	511	1779	168	291	135	179	225	1209	992	623	321	797	13001	40475	1127	35.91393079
경남 밀양시	시	317	19	5503	207	165	1916	4185	1320	3588	226	1018	457	413	308	1916	2469	2018	422	1960	28427	111910	799	140.0625782
충남 홍성군	군	183	47	3091	62	254	1281	4603	1056	3139	333	1283	483	407	369	1615	2255	1522	249	1557	23789	89231	444	200.9707207
서울 양천구	구	0	0	4956	455	230	4003	17534	12618	10475	4991	2571	4215	5820	4903	3272	12229	7253	2163	5702	103390	507899	17	29876.41176
전북 전주시	시	241	7	11155	743	543	12757	32559	10206	19529	3705	11015	5343	4559	5422	8434	19041	15882	3751	11453	176345	635707	206	3085.956311
경기 여주군	군	117	38	7330	56	296	1637	4562	1314	4026	209	934	773	769	660	1544	2848	1862	2249	1778	33002	107355	608	176.5707237
서울 구로구	구	0	7	20196	109	103	6253	30003	9545	11092	20626	4081	5634	10529	8324	3253	7786	5626	1646	5739	150552	448696	20	22434.8
충북 증평군	군	82	0	2324	56	54	342	1452	389	1103	51	211	205	62	181	551	877	510	140	607	9197	32534	82	396.7560976
경기 남양주시	시	3	62	20317	280	640	3635	14212	6174	11906	516	1782	3863	1224	604	3618	10313	5925	2272	5086	92432	505867	459	1102.106754
경기 고양시	시	87	0	25166	623	1012	11728	39711	13340	26512	6135	7946	11694	6630	4241	4996	25402	17358	6109	13684	222374	938831	267	3516.220974
경북 예천군	군	120	0	1062	64	78	809	1652	439	1308	186	404	48	95	38	910	879	712	228	765	9797	48444	661	73.28895613
전북 순창군	군	72	0	1097	45	39	680	919	171	764	98	269	29	67	70	742	626	638	157	433	6916	31183	496	62.86895161
서울 강북구	구	0	0	5835	239	61	1677	9862	7211	9988	1180	3817	1975	950	2753	2533	5070	4454	2007	4453	64065	345754	24	14406.41667
전남 영암군	군	152	32	15359	103	72	972	1632	522	1441	115	405	53	69	36	1570	1516	949	360	629	25987	64218	591	108.6598985
경기 시흥시	시	4	0	74416	177	582	3365	19216	5546	11964	598	1779	3438	1852	1644	1784	8339	5187	1921	4866	146678	392756	135	2909.303704
대전 유성구	구	26	3	11199	9	281	3255	10678	2688	10677	3746	1199	2772	20509	2133	2505	13245	3440	1817	3225	93407	263782	177	1490.293785
대구 북구	구	177	0	30026	442	160	5029	28141	5961	12565	2354	2392	3179	1670	3755	6051	13870	6133	2421	5892	130218	465483	94	4951.946809
서울 중구	구	43	18	30478	547	113	12296	92274	15112	28299	19798	53895	7846	27357	30314	7231	7030	9666	3461	7564	353342	138811	10	13881.1
경남 창녕군	군	98	94	4375	40	81	551	1839	748	2144	147	472	100	119	65	1133	1317	1040	510	815	15688	62381	533	117.0375235
충남 서산시	시	258	130	11119	431	243	2948	6574	2127	5457	339	1505	846	955	963	2052	4013	2272	524	2554	45310	158880	741	214.4129555
인천 남동구	구	56	42	73077	294	820	8433	21433	5860	13781	1403	5482	4534	3372	6543	5354	8117	7187	2486	6378	174652	461808	57	8101.894737
충북 단양군	군	16	151	1989	101	50	1110	1215	540	1738	132	248	74	110	413	876	621	476	410	873	11143	32220	781	41.25480154
경기 안양시	시	18	0	31836	635	888	10737	33629	11683	19568	4362	8029	7057	17597	6137	4770	17804	9336	3500	10013	197599	620279	58	10694.46552
경북 고령군	군	78	94	6575	89	172	363	1142	445	949	107	238	106	105	24	871	650	550	132	512	13202	35925	384	93.5546875
경남 함안군	군	139	28	14641	193	309	1156	2125	880	2060	172	454	236	138	75	835	1306	755	295	933	26730	68368	417	163.9520384
인천 옹진군	군	51	4	108	626	6	170	406	95	1340	80	92	49	13	93	318	335	184	53	208	4231	17488	170	102.8705882
충북 진천군	군	153	24	21566	71	221	1019	2121	1064	2302	150	407	428	291	227	804	1388	911	691	858	34696	63579	407	156.2137592
경기 안산시	시	22	37	107289	533	1562	9243	29332	10261	20606	1499	6826	5693	7043	10678	4188	17576	12010	4496	9987	258881	708257	148	4785.52027
전남 목포시	시	92	19	3824	99	147	4082	14845	4160	10332	1171	4270	1685	1544	1746	4249	6830	6565	1680	5054	72394	247620	50	4952.4
제주 제주시	시	1252	137	6266	831	432	8184	23107	10695	22416	2540	6749	2225	3339	3967	7671	12024	9530	5996	7601	134962	410915	978	420.1584867
전남 여수시	시	293	18	17695	616	821	8826	13038	5206	9976	993	3126	1622	1459	2307	3991	6795	4771	1332	4994	87879	297178	502	591.9880478
전남 해남군	군	238	239	2747	125	22	739	3521	727	2493	222	892	96	190	47	1442	1620	1561	295	1217	18433	81651	988	82.64271255
서울 동작구	구	0	391	2739	538	148	3827	15911	3688	10259	4820	3267	4159	4341	12670	3106	13226	6858	2151	5572	97671	410934	16	25683.375
부산 동구	구	176	0	2953	0	83	4948	14494	10115	6746	1785	7395	1276	3222	11327	2057	2278	3704	704	3158	76421	103983	10	10398.3
광주 북구	구	22	0	15995	341	236	15074	25148	9685	14224	1812	4394	3338	2918	6747	3805	14682	7923	3669	8993	139006	477513	122	3914.040984
서울 금천구	구	0	0	43260	5	207	5455	25714	9120	8444	18934	1871	2335	15351	5616	1796	4605	3258	1281	4375	151627	265244	13	20403.38462
부산 부산진구	구	0	0	9335	538	454	10130	27472	8202	17327	1666	14641	4779	4804	10837	3337	12172	8923	2401	7144	144162	402942	30	13431.4
경남 김해시	시	167	82	76978	398	899	5820	20907	5773	15782	814	3557	2684	2500	1349	3390	13515	7749	2963	6403	171730	490025	463	1058.36933
충북 음성군	군	225	19	22552	76	200	1060	2803	1445	2598	198	786	509	474	334	613	1867	1832	391	1341	39323	94144	520	181.0461538
서울 강서구	구	1	2	7518	460	666	7781	26677	32874	13378	3212	4165	5439	3373	7121	3297	11403	7812	2635	7517	145331	583545	41	14232.80488
충북 영동군	군	29	20	2585	56	100	632	1586	527	1473	150	454	80	154	75	1212	1050	748	133	778	11842	50756	846	59.99527187
전북 부안군	군	148	87	1522	148	46	737	2694	682	2562	200	673	163	113	98	1408	1336	1264	237	901	15019	61323	493	124.3874239
경기 하남시	시	66	18	7374	296	52	2403	13584	3054	4181	320	777	1500	491	218	1260	2660	1572	1009	1803	42638	143638	93	1544.494624
인천 동구	구	0	30	10727	31	203	1306	6857	1974	1833	104	360	511	350	663	1123	1764	1261	227	1594	30918	76050	7	10864.28571
강원 춘천시	시	208	60	4228	1564	394	5323	12285	4656	11857	2057	3564	2520	2862	1380	5730	9787	5485	2296	4912	81168	264557	1117	236.8460161
경기 군포시	시	0	0	24437	322	387	5409	9853	6294	6898	958	1138	2585	3059	5854	1451	7253	3648	1544	3853	84943	277590	36	7710.833333
울산 남구	구	14	59	26479	989	1005	10485	21337	9746	17018	1991	8613	3264	6210	7933	4870	12402	6624	2759	7127	148925	347327	72	4823.986111
울산 동구	구	4	0	43056	20	0	1890	4855	731	6545	209	1170	653	441	1313	830	4262	3237	980	1951	72147	179266	36	4979.611111
대전 동구	구	0	0	5237	160	160	2422	12770	4830	6806	929	1192	1145	1237	2398	1488	6550	3634	1000	3765	55723	248983	137	1817.394161
서울 종로구	구	23	21	12457	37	38	12907	42750	7473	22439	13975	20469	5999	19467	21136	18312	11365	10960	4815	7384	232027	179754	24	7489.75
경기 의왕시	시	639	9	7642	70	116	1368	4284	2977	3541	172	373	1013	1533	251	1170	2630	1763	444	1672	31667	134488	54	2490.518519
인천 서구	구	37	79	57931	1336	1879	2650	13370	7676	8491	438	1367	2785	1435	443	3814	7760	4056	1909	5034	122490	403626	114	3540.578947
경남 창원시	시	156	28	99624	692	539	9036	22981	6162	20177	2446	6651	5486	7553	9153	6337	14225	8024	3273	8009	230552	509801	293	1739.935154
전남 보성군	군	251	23	1377	65	73	581	2146	625	1416	144	377	36	71	38	1169	1044	976	195	712	11319	50376	664	75.86746988
경남 하동군	군	98	24	1064	721	41	882	1679	393	1747	154	535	71	117	589	1184	1034	745	132	854	12064	53765	675	79.65185185
경북 문경시	시	64	108	2304	112	261	976	3162	849	2622	209	811	197	257	116	1481	1660	1555	414	1198	18356	75973	911	83.39517014
경남 거제시	시	27	0	51432	153	387	6763	7025	2582	9826	444	2063	1159	2367	977	1798	5085	3019	1106	3040	99253	224855	402	559.340796
대전 중구	구	5	0	2541	221	527	4275	14366	5742	8922	1083	7195	2220	1180	4819	4607	6395	7891	1606	5557	79152	266167	62	4293.016129
전남 곡성군	군	87	10	2929	24	36	327	924	262	689	103	279	21	59	32	805	707	654	247	529	8724	33032	547	60.38756856
부산 중구	구	1721	23	2025	42	65	1886	12688	18258	7378	1762	5227	1057	3085	3692	2577	1075	1751	753	2303	67368	50602	3	16867.33333
경남 남해군	군	83	0	687	37	45	1342	1922	403	2615	187	467	93	176	53	1021	1013	702	212	798	11856	51158	358	142.8994413
부산 서구	구	908	5	2690	262	192	1016	8587	3231	4932	153	614	543	489	1596	1718	3714	7139	565	2636	40990	130402	14	9314.428571
경북 안동시	시	286	80	3403	405	297	3117	8767	2377	6051	982	2173	689	850	1136	2577	5728	4262	963	3054	47197	168718	1521	110.9257068
서울 강남구	구	19	115	15631	6779	950	44917	110338	11138	50663	59224	36087	25524	94856	54622	5792	20527	24265	5900	18466	585813	565624	40	14140.6
전남 화순군	군	60	406	2746	82	114	3011	2161	572	1933	216	509	210	1081	172	1127	1506	2493	641	1040	20080	71083	787	90.32147395
전남 고흥군	군	67	33	2802	58	48	1024	2615	535	1654	186	798	37	92	41	1305	1282	1307	130	1114	15128	77032	776	99.26804124
울산 중구	구	46	0	2145	22	71	2788	9434	2560	5605	626	1672	930	956	1023	2097	5008	3214	984	2991	42172	235611	37	6367.864865
경남 양산시	시	45	96	40751	239	695	2543	9999	5574	8275	545	2009	1732	1140	683	2111	5996	4657	1867	4395	93352	246852	485	508.9731959
경북 칠곡군	군	142	74	22659	122	296	1095	4011	1110	4036	319	609	531	147	311	1056	2749	1627	736	1536	43166	119541	451	265.0576497
강원 홍천군	군	173	41	2156	94	151	1368	2663	805	3708	219	668	362	320	140	1325	1675	1144	302	1080	18394	71160	1819	39.12039582
서울 중랑구	구	0	0	12652	134	123	3514	14744	12217	10135	809	1529	2521	1239	1607	2820	7322	4865	2365	5140	83736	432845	18	24046.94444
부산 영도구	구	129	0	9583	77	158	1475	5713	3944	3664	447	385	578	457	1521	1592	3139	2152	542	3962	39518	153802	14	10985.85714
강원 인제군	군	22	17	572	81	49	1249	1249	172	2166	134	431	64	97	26	717	728	558	463	475	9270	31911	1621	19.6859963
경북 울릉군	군	44	0	466	17	5	334	409	212	722	77	57	4	15	42	505	218	140	78	181	3526	10220	73	140
경기 김포시	시	103	41	44601	155	354	3112	9269	3240	6150	468	1503	1924	1124	505	1491	5453	3243	1028	2981	86745	220418	277	795.732852
전북 무주군	군	66	5	305	123	15	574	900	194	1833	142	206	413	45	32	926	539	474	360	381	7533	26213	632	41.47626582
충북 보은군	군	54	176	2088	45	71	698	1191	338	1382	127	389	86	75	29	1030	747	589	174	603	9892	35443	584	60.69006849
경기 부천시	시	0	13	64767	357	1078	8950	34864	10088	24273	3329	8701	7940	4759	8870	5154	20663	13956	4817	13260	235839	867678	53	16371.28302
강원 고성군	군	39	2	538	24	132	875	1034	199	2381	71	264	75	71	157	905	782	324	507	474	8854	30734	584	52.62671233
대구 서구	구	17	15	20537	374	341	2421	13799	5303	7060	491	1853	1617	1081	3156	1791	3708	3631	920	4644	72759	230761	17	13574.17647
전북 진안군	군	26	11	831	79	38	326	718	184	588	152	262	16	73	15	1050	583	367	59	363	5741	27497	789	34.8504436
경기 양주시	시	31	91	30148	82	577	3280	7505	3054	5755	89	651	1233	420	573	1585	3426	2506	1342	2829	65177	179914	310	580.3677419
전남 장흥군	군	252	13	1068	89	22	789	1760	284	1199	124	414	41	89	33	1286	918	796	140	756	10073	43051	618	69.6618123
경기 포천시	시	93	396	29519	79	539	1778	7652	2315	7189	340	1454	924	470	219	2682	4858	2326	1674	2387	66894	160176	826	193.9176755
서울 용산구	구	35	8	3864	10	36	5257	29255	3816	12708	4982	3015	3572	10381	6505	4466	5196	5164	2005	5361	105636	251043	22	11411.04545
인천 연수구	구	0	0	1677	492	312	3088	6976	3249	7786	545	953	2194	3595	1322	1955	7108	3150	1584	2764	48750	271773	34	7993.323529
경북 경산시	시	68	171	24082	385	382	3197	8916	3560	7244	1472	1275	1433	1340	348	2389	10162	4106	1294	3406	75230	243863	412	591.9004854
전북 남원시	시	125	149	3182	103	76	992	3906	972	2699	290	1107	248	393	127	2144	2283	2194	434	1449	22873	89123	753	118.3572377
부산 수영구	구	0	0	1775	265	205	4174	9059	2878	7333	867	1164	1367	1367	1473	1417	3532	3446	823	3222	44367	178092	10	17809.2
광주 광산구	구	190	8	40362	281	748	3622	13706	5671	8311	1392	1645	1827	1271	1964	2489	9638	6800	1482	4471	105878	325822	223	1461.085202
경기 연천군	군	148	27	1869	75	158	737	1655	330	1857	134	329	267	190	105	1000	898	670	239	797	11485	45495	645	70.53488372
전남 광양시	시	43	55	12279	123	694	5550	6202	5285	5785	654	1197	760	1055	4230	1733	3683	1984	810	3880	56002	142399	453	314.3465784
부산 동래구	구	0	0	4129	270	366	8607	16580	3444	11462	871	2365	2113	1983	5063	2024	7178	5283	1701	5153	78592	283603	17	16682.52941
경기 평택시	시	272	60	61780	543	811	6138	18307	7829	15365	808	3644	3114	2235	3827	4475	9874	6231	1873	6695	153881	406721	455	893.8923077
경기 오산시	시	24	0	7329	122	190	1556	5571	2457	4989	522	1052	999	552	1511	1249	3947	2292	777	2262	37401	150237	43	3493.883721
경북 영양군	군	36	2	273	29	7	297	478	89	469	104	96	3	28	18	785	368	242	33	329	3686	18882	815	23.16809816
충남 아산시	시	153	74	57240	332	303	2344	7585	3249	7931	518	1704	1333	877	1312	1801	6960	3281	1021	2927	100945	248329	542	458.1715867
경기 수원시	시	241	0	46177	858	704	14690	42161	17556	33365	4519	12948	10105	27818	18439	11225	30965	19132	5573	17114	313590	1067425	121	8821.694215
인천 계양구	구	0	16	11167	33	234	3087	10710	4631	7934	918	1665	2453	1138	3340	1882	7730	3886	1458	3614	65896	345713	46	7515.5
대구 달서구	구	6	5	53665	246	840	4984	22424	9390	17085	1567	5546	3661	3264	3840	3076	18296	8858	3856	7600	168209	601678	62	9704.483871
충남 계룡시	시	0	0	260	16	41	174	967	312	1107	399	140	455	44	61	590	1108	448	156	445	6723	41579	61	681.6229508
대구 수성구	구	11	0	2858	300	94	10956	16100	4997	14647	1927	7291	5415	4169	5410	4351	13378	6182	2325	5909	106320	453265	76	5964.013158
부산 해운대구	구	0	0	5361	162	183	3038	16057	4819	15490	1559	2376	3739	1537	2789	2779	9530	5444	2200	5427	82490	426949	51	8371.54902
강원 정선군	군	58	270	723	80	50	1730	1413	656	2881	159	370	279	158	886	1074	910	548	4662	811	17718	41551	1220	34.05819672
전남 함평군	군	169	0	1409	55	89	497	1365	477	835	102	290	29	62	28	852	781	663	245	490	8438	37868	393	96.3562341
부산 기장군	군	57	0	9940	1938	265	2342	3605	1324	3623	174	523	466	765	524	1171	1419	1398	559	1792	31885	82136	218	376.7706422
충북 충주시	시	352	200	10917	262	286	3397	8822	3274	8093	638	2350	1394	1046	1121	2834	5865	3861	1608	3484	59804	208808	984	212.203252
부산 사상구	구	3	0	43209	182	700	2790	28285	7251	9121	1058	1448	1623	2513	3691	2508	5964	4420	1258	4802	120826	264685	36	7352.361111
대구 달성군	군	9	35	27423	382	300	1986	5259	2260	3910	187	654	1155	303	143	2568	3452	2062	752	1954	54794	173361	427	405.9976581
서울 성북구	구	0	0	8453	0	156	3679	14514	7292	11331	1604	2146	2556	2347	1760	3234	15107	6934	2008	5446	88567	481419	25	19256.76
경기 파주시	시	114	77	42647	123	720	3014	11646	5955	8870	3351	1834	2356	1355	564	2224	6639	4061	1786	4160	101496	311164	672	463.0416667
충남 천안시	시	280	36	65672	254	962	8097	24249	9106	19473	1689	5387	4359	4830	4880	4158	17824	10413	3876	9206	194751	547662	636	861.1037736
전북 군산시	시	119	73	17163	518	679	3169	11650	4140	8466	842	2768	1687	911	1649	3592	6461	4807	1430	4710	74834	267146	390	684.9897436
경남 거창군	군	495	149	1715	70	73	1015	2756	816	2262	211	722	127	225	123	1216	1764	1140	253	990	16122	63637	804	79.15049751
전북 완주군	군	199	72	13139	179	43	894	2313	1273	2526	366	319	302	1065	1057	924	2622	1894	243	934	30364	85773	820	104.6012195
서울 광진구	구	0	0	9358	163	94	4609	17955	6502	14834	3704	2451	3622	5248	5634	3032	11904	6181	3385	5998	104674	387254	17	22779.64706
인천 남구	구	0	1	16099	313	255	4259	16300	7835	12075	1299	5838	2779	3332	3510	4724	10719	5625	1847	6942	103752	427387	25	17095.48
전남 신안군	군	12	2022	718	153	5	394	822	262	943	137	310	8	124	25	527	814	519	91	501	8387	45995	655	70.22137405
경북 성주군	군	51	50	5053	43	231	539	1387	358	1400	51	410	101	72	68	1000	761	612	153	681	13021	45964	616	74.61688312
전남 순천시	시	112	51	5089	484	341	5050	13558	3953	9048	1142	4613	1693	1342	1710	3291	8312	5839	1680	4763	72071	271035	907	298.8257993
경북 영주시	시	69	80	3940	184	156	1790	6198	1860	3563	337	1260	415	325	416	1812	3077	1637	476	1835	29430	114909	669	171.7623318
전남 나주시	시	230	90	4851	216	197	2731	3805	2582	2208	256	918	218	529	112	2222	2760	2393	710	1238	28266	94246	608	155.0098684
광주 서구	구	108	100	8438	529	380	13240	20155	5427	11805	2330	7927	3261	3652	5251	4975	7196	5624	1882	6683	108963	306035	47	6511.382979
경기 이천시	시	248	13	29801	191	543	2745	7867	4355	6527	405	1980	1648	2029	1778	1687	4974	3176	1736	3142	74845	196633	461	426.5357918
충북 청원군	군	48	151	30552	176	828	2374	4822	2027	4414	153	560	740	1339	478	1024	3885	1635	764	1680	57650	151115	814	185.6449631
강원 동해시	시	4	97	2742	456	152	1978	4891	2532	4999	222	1131	534	299	821	1811	2303	1687	480	1941	29080	96241	180	534.6722222
전북 고창군	군	335	62	1688	48	69	941	2273	680	1788	189	503	79	151	75	1254	1188	1083	415	957	13778	60838	608	100.0625
전남 담양군	군	191	18	3281	74	106	883	1347	641	1496	138	306	52	135	54	949	1084	822	264	585	12426	48949	455	107.5802198
강원 원주시	시	191	75	13655	441	414	7408	16343	5283	13136	1655	3766	2831	2112	3381	3341	9367	6326	1954	5540	97219	306350	867	353.3448674
충남 공주시	시	149	122	5593	98	190	2347	4871	1442	4820	374	1328	517	934	427	2440	3909	2459	837	2214	35071	127391	940	135.5223404
경북 경주시	시	158	66	30174	1657	320	4109	10041	3179	13294	594	2209	1463	1295	844	2272	7205	4727	2886	4337	90830	274295	1324	207.1714502
대구 중구	구	0	0	4884	107	16	1962	20846	1364	7970	1707	11114	1345	2539	4339	3675	3433	7648	786	4298	78033	79496	7	11356.57143
경북 포항시	시	140	62	35980	322	900	11279	23604	10684	19504	2169	6019	2457	5555	8567	4699	13300	8358	2483	10002	166084	511805	1128	453.7278369
충북 괴산군	군	101	41	2634	22	81	2605	1085	232	1346	115	313	77	160	16	1124	780	541	84	594	11951	37066	842	44.02137767
서울 송파구	구	152	64	10491	50	856	22809	45270	11835	20474	11265	11360	8815	18246	13864	4751	15242	13749	5809	10057	225159	676580	34	19899.41176
서울 관악구	구	0	0	6679	61	133	5462	14827	6647	16111	3253	2392	3430	3062	5296	3300	13125	5503	3140	6141	98562	551873	30	18395.76667
경기 화성시	시	94	179	130120	236	1222	8639	18158	7042	13068	525	2367	4107	11943	1569	2366	12707	4966	2701	5528	227537	449354	688	653.130814
경북 상주시	시	135	25	3540	78	90	1359	3751	1205	2909	215	1220	305	358	246	1776	2702	1608	555	1708	23785	106141	1255	84.57450199
경북 봉화군	군	148	58	1478	77	58	1035	1070	350	1017	127	256	18	42	49	904	674	380	248	524	8513	34857	1201	29.02331391
강원 횡성군	군	135	20	2874	103	64	662	1430	402	2292	134	448	345	185	87	908	1060	581	356	676	12762	44043	998	44.13126253
강원 철원군	군	44	0	1034	30	84	507	1617	322	1947	189	402	131	145	29	865	1052	981	556	631	10566	48066	797	60.30865747
경기 동두천시	시	4	0	4082	95	254	871	3277	1193	3438	258	735	770	151	255	964	1779	1751	429	1500	21806	90835	96	946.1979167
부산 금정구	구	11	5	11336	75	230	4978	13820	7535	8909	1028	1052	1282	2210	1984	2067	6764	4779	1996	4285	74346	258604	65	3978.523077
전남 구례군	군	75	3	398	92	15	331	1066	187	1401	99	215	28	52	34	1078	601	573	179	496	6923	27882	443	62.93905192
충남 예산군	군	250	11	5301	52	117	1361	3202	980	2999	189	876	293	215	156	1716	1744	1195	245	1521	22423	89242	542	164.6531365
인천 중구	구	36	663	3695	176	241	1196	7604	16991	6918	319	1106	872	1063	5213	5336	2469	2931	1452	2303	60584	92441	115	803.8347826
경북 의성군	군	204	1	1768	63	90	877	2190	453	1337	162	523	55	101	79	1168	1080	904	122	868	12045	60567	1176	51.50255102
경기 구리시	시	0	0	2731	158	203	2813	10017	2982	6751	731	2840	2180	1521	678	1651	4985	3131	1104	2951	47427	195874	33	5935.575758
경기 안성시	시	381	190	29408	115	515	2188	6358	2508	5914	613	1192	941	838	742	1860	5383	3045	1688	2313	66192	169545	554	306.0379061
